
-9900;0;-9900;0;0;0
-4000;0;-4000;0;0;0
-3955;0;-3955;0;0;0
-3000;0;0;0;-3000;0
-1350;0;0;-1350;0;0
-780;0;0;-780;0;0
-700;0;0;0;-700;0
-330;-330;0;0;0;0
-100;0;0;0;0;-100
-55;0;0;0;0;-55
-25;0;0;0;0;-25
0;0;0;0;0;0
10;0;0;0;0;10
15;0;0;0;0;15
25;0;0;0;0;25
30;0;0;0;0;30
50;0;0;0;0;50
55;0;0;0;0;55
60;0;60;0;0;0
75;0;0;75;0;0
78;0;0;78;0;0
82;0;0;82;0;0
93.6;0;0;93.6;0;0
100;0;0;0;0;100
110;0;0;0;0;110
125;0;0;0;0;125
133.71;0;0;133.71;0;0
140;0;140;0;0;0
159;0;159;0;0;0
159.1;0;159.1;0;0;0
175;0;0;0;175;0
180;0;0;0;0;180
200;200;0;0;0;0
220;0;220;0;0;0
230;0;0;0;0;230
238;0;200;38;0;0
240;0;240;0;0;0
245;0;0;0;0;245
248;0;248;0;0;0
265;0;265;0;0;0
275;0;275;0;0;0
278;0;200;78;0;0
280;0;0;0;0;280
285;0;0;0;0;285
287;0;287;0;0;0
300;300;0;0;0;0
302;0;550;82;-330;0
304;0;304;0;0;0
306;0;306;0;0;0
310;0;310;0;0;0
312.5;0;275;37.5;0;0
319;0;280;39;0;0
320;0;0;0;0;320
325;0;325;0;0;0
330;330;0;0;0;0
337.5;0;0;337.5;0;0
340.33;0;258.33;82;0;0
340.37;0;258.37;82;0;0
350;0;0;0;350;0
355;0;355;0;0;0
370;0;0;0;0;370
375;100;275;0;0;0
380;0;0;0;380;0
386;0;386;0;0;0
389.32;0;0;389.32;0;0
390;0;390;0;0;0
399;0;399;0;0;0
400;0;0;0;0;400
412.16;0;412.16;0;0;0
412.5;0;0;0;412.5;0
425;0;0;75;350;0
430;0;430;0;0;0
443.6;0;0;0;443.6;0
453.33;0;453.33;0;0;0
453.35;0;453.35;0;0;0
458;0;0;78;380;0
463.71;0;0;157.28;306.43;0
463.74;0;0;157.3;306.44;0
468;0;468;0;0;0
470;0;470;0;0;0
475;0;0;0;475;0
480;0;0;0;480;0
494;0;494;0;0;0
495;0;0;0;0;495
506.4;0;530;-353.6;330;0
509;0;316.93;75.93;116.14;0
510;0;510;0;0;0
512;0;512;0;0;0
530;0;530;0;0;0
550;0;550;0;0;0
552;0;0;552;0;0
560;0;560;0;0;0
563;0;550;13;0;0
578.18;0;578.18;0;0;0
578.20;0;578.20;0;0;0
585;0;585;0;0;0
588;0;550;38;0;0
596;0;550;46;0;0
600;0;600;0;0;0
607.04;0;530;77.04;0;0
608;0;530;78;0;0
618.40;0;530;88.40;0;0
618.42;0;530;88.42;0;0
619;0;550;69;0;0
624.4;0;550;74.4;0;0
625;0;550;75;0;0
632;0;550;82;0;0
634;0;530;104;0;0
636;0;636;0;0;0
637.2;0;0;0;0;637.2
638;0;560;78;0;0
642;0;560;82;0;0
647.84;0;530;117.84;0;0
648.4;0;560;88.4;0;0
648.42;0;560;88.42;0;0
650;0;550;100;0;0
655;0;550;-225;330;0
657.17;0;530;127.17;0;0
657.18;0;0;0;0;657.18
660;0;660;0;0;0
663.71;0;530;133.71;0;0
666;0;550;116;0;0
672;0;672;0;0;0
673.55;0;530;143.55;0;0
677;0;550;127;0;0
678.57;0;550;78.57;50;0
687.13;0;560;127.13;0;0
687.17;0;560;127.17;0;0
689;0;550;139;0;0
690;0;310;0;380;0
690.33;0;258.33;82;350;0
690.57;0;550;140.57;0;0
690.58;0;550;140.58;0;0
695;0;530;0;165;0
700;0;0;0;700;0
701;0;550;151;0;0
705;0;530;0;175;0
706.6;0;706.6;0;0;0
706.66;0;636;70.66;0;0
706.72;0;636;70.72;0;0
707.2;0;707.2;0;0;0
709.83;0;660;49.83;0;0
711;0;560;151;0;0
714;0;550;164;0;0
715.2;0;660;55.2;0;0
726;0;636;90;0;0
729.58;0;560;169.58;0;0
729.6;0;636;93.6;0;0
770.4;0;672;98.4;0;0
778.1;0;672;106.1;0;0
780;0;0;780;0;0
785;0;0;785;0;0
788.4;0;636;152.4;0;0
795;0;795;0;0;0
812.4;0;660;152.4;0;0
825;0;825;0;0;0
826.8;0;660;166.8;0;0
840;0;510;0;330;0
853.2;0;672;181.2;0;0
860;0;860;0;0;0
875.5;0;672;203.5;0;0
876.1;0;636;240.1;0;0
880;0;550;0;330;0
900;0;550;0;350;0
910;0;560;0;350;0
912;0;795;117;0;0
928.18;0;578.18;0;350;0
930;0;550;0;380;0
936;0;0;936;0;0
937.04;0;530;77.04;330;0
937.08;0;530;77.08;330;0
938;0;530;78;330;0
940;0;560;0;380;0
946;0;550;46;350;0
948.4;0;530;88.4;330;0
950;0;0;0;950;0
954.4;0;550;74.4;330;0
955;0;550;75;330;0
958;0;530;78;350;0
962;0;550;82;330;0
964;0;530;104;330;0
966;0;636;0;330;0
968;0;550;38;380;0
968.42;0;530;88.42;350;0
975;0;550;75;350;0
976;0;550;46;380;0
978;0;660;90;228;0
978.18;0;578.18;0;400;0
982;0;550;82;350;0
984;0;0;984;0;0
986;0;636;0;350;0
987.17;0;530;127.17;330;0
980;0;550;100;330;0
988;0;560;78;350;0
990;0;0;0;990;0
992;0;560;82;350;0
998.4;0;550;98.4;350;0
998.42;0;560;88.42;350;0
1000;0;1000;0;0;0
1002.6;0;530;142.6;330;0
1003.55;0;530;143.55;330;0
1003.6;0;530;143.6;330;0
1005;0;550;75;380;0
1007;0;550;127;330;0
1008.57;0;550;78.57;380;0
1008.58;0;550;78.58;380;0
1010;0;660;0;350;0
1013.71;0;530;133.71;350;0
1013.74;0;530;133.74;350;0
1016.00;0;550;116;350;0
1018;0;560;78;380;0
1020.57;0;550;140.57;330;0
1022;0;560;82;380;0
1027;0;550;127;350;0
1028.40;0;560;88.4;380;0
1028.42;0;560;88.42;380;0
1037.17;0;560;127.17;350;0
1039;0;550;139;350;0
1040;0;660;0;380;0
1040.57;0;550;140.57;350;0
1042.28;0;795;247.28;0;0
1046.00;0;550;116;380;0
1052;0;672;0;380;0
1057;0;550;127;380;0
1059.6;0;636;93.6;330;0
1059.83;0;660;49.83;350;0
1059.87;0;660;49.87;350;0
1060;0;1060;0;0;0
1061;0;560;151;350;0
1065.2;0;660;55.2;350;0
1067.17;0;560;127.17;380;0
1069;0;550;139;380;0
1076;0;636;90;350;0
1079.58;0;560;169.58;350;0
1080;0;0;1080;0;0
1091;0;560;151;380;0
1095.2;0;660;55.2;380;0
1100;0;1100;0;0;0
1106;0;636;90;380;0
1109.58;0;560;169.58;380;0
1120.4;0;672;98.4;350;0
1125;0;795;0;330;0
1128.1;0;672;106.1;350;0
1138.4;0;636;152.4;350;0
1150.4;0;672;98.4;380;0
1158.1;0;672;106.1;380;0
1160;0;1160;0;0;0
1162.4;0;660;152.4;350;0
1168.4;0;636;152.4;380;0
1176.8;0;660;166.8;350;0
1203.2;0;672;181.2;350;0
1206.1;0;636;240.1;330;0
1206.6;0;636;240.6;330;0
1206.7;0;636;240.7;330;0
1206.8;0;660;166.8;380;0
1216;0;1216;0;0;0
1225.5;0;672;203.5;350;0
1226;0;0;1226;0;0
1233.2;0;672;181.2;380;0
1242;0;795;117;330;0
1250;0;314;936;0;0
1255.5;0;672;203.5;380;0
1320;0;0;0;1320;0
1350;0;0;1350;0;0
1360;0;1360;0;0;0
1372.28;0;795;247.28;330;0
1372.3;0;795;247.3;330;0
1372.32;0;795;247.32;330;0
1448.10;0;660;152.4;350;285.7
1500;0;0;0;1500;0
1524;0;0;0;0;1524
1526;0;0;1526;0;0
1550;0;1550;0;0;0
1567.5;0;0;0;1567.5;0
1590;0;1590;0;0;0
1600;0;0;0;0;1600
1650;0;0;0;1650;0
1750;0;1750;0;0;0
1890;300;1590;0;0;0
1980;0;0;0;1980;0
2000;0;2000;0;0;0
2100;0;2100;0;0;0
2120;0;2120;0;0;0
2128;0;2128;0;0;0
2200;0;2200;0;0;0
2240;0;2240;0;0;0
2360;0;2360;0;0;0
2384;0;2384;0;0;0
2750;0;2750;0;0;0
2939.32;0;2200;389.32;350;0
3000;0;3000;0;0;0
3148;0;3148;0;0;0
3180;0;3180;0;0;0
3300;0;3300;0;0;0
3500;0;3500;0;0;0
4000;0;4000;0;0;0
4300;0;4300;0;0;0
4360;0;4360;0;0;0
4500;0;4500;0;0;0
4760;0;4760;0;0;0
4778;0;3360;468;950;0
5000;0;5000;0;0;0
5300;0;5300;0;0;0
5500;0;5500;0;0;0
5460;0;5460;0;0;0
5724;0;5724;0;0;0
5830;0;5830;0;0;0
5940;0;5940;0;0;0
5960;0;5960;0;0;0
5975;0;5975;0;0;0
6000;0;6000;0;0;0
6240;0;6240;0;0;0
6360;0;6360;0;0;0
6600;0;6600;0;0;0
6720;0;6720;0;0;0
7000;0;7000;0;0;0
7005;0;7005;0;0;0
7041;0;7041;0;0;0
9900;0;9900;0;0;0
9775;0;9775;0;0;0
11500;0;11500;0;0;0
11960;0;11960;0;0;0
13500;0;13500;0;0;0
13600;0;13600;0;0;0
15455;0;15455;0;0;0
18000;0;18000;0;0;0